[gd_scene load_steps=5 format=2]

[sub_resource type="BoxShape" id=1]

[sub_resource type="CubeMesh" id=2]

[sub_resource type="BoxShape" id=3]
extents = Vector3( 15, 1, 15 )

[sub_resource type="CubeMesh" id=4]
size = Vector3( 30, 2, 30 )

[node name="World" type="Spatial"]

[node name="Camera" type="Camera" parent="."]
transform = Transform( 1, 0, 0, 0, 0.908019, 0.418929, 0, -0.418929, 0.908019, 0, 6.29776, 7.41881 )

[node name="Box" type="RigidBody" parent="."]
transform = Transform( 0.889129, 0.40835, 0.206639, -0.457657, 0.793337, 0.401456, 0, -0.451516, 0.892263, 0, 4.50407, 0 )

[node name="CollisionShape" type="CollisionShape" parent="Box"]
shape = SubResource( 1 )

[node name="MeshInstance" type="MeshInstance" parent="Box"]
mesh = SubResource( 2 )
material/0 = null

[node name="Box2" type="RigidBody" parent="."]
transform = Transform( 0.889129, 0.40835, 0.206639, -0.457657, 0.793337, 0.401456, 0, -0.451516, 0.892263, 0, 8.55742, 0 )

[node name="CollisionShape" type="CollisionShape" parent="Box2"]
shape = SubResource( 1 )

[node name="MeshInstance" type="MeshInstance" parent="Box2"]
mesh = SubResource( 2 )
material/0 = null

[node name="Floor" type="StaticBody" parent="."]
transform = Transform( 1, 0, 0, 0, 1, 0, 0, 0, 1, 0, -1, 0 )

[node name="CollisionShape" type="CollisionShape" parent="Floor"]
shape = SubResource( 3 )

[node name="MeshInstance" type="MeshInstance" parent="Floor"]
mesh = SubResource( 4 )
material/0 = null
